===== TID 438659 =====
comm: bulba
stat: 438659 (bulba) S 438613 438613 420300 34816 438613 4194304 36246 0 42 0 1137 129 0 0 20 0 5 0 7991117 649080832 21634 18446744073709551615 100427698221056 100427698455653 140734554256304 0 0 0 0 0 0 1 0 0 17 0 0 0 0 0 0 100427699169400 100427699171568 100428420853760 140734554262813 140734554262833 140734554262833 140734554267620 0
syscall: wchan: drm_syncobj_array_wait_timeout.constprop.0
===== TID 438710 =====
comm: bulba:disk$0
stat: 438710 (bulba:disk$0) S 438613 438613 420300 34816 438613 4194368 7 0 0 0 0 0 0 0 39 19 5 0 7991123 649064448 21634 18446744073709551615 100427698221056 100427698455653 140734554256304 0 0 0 1073478399 0 0 1 0 0 -1 1 0 3 0 0 0 100427699169400 100427699171568 100428420853760 140734554262813 140734554262833 140734554262833 140734554267620 0
syscall: wchan: futex_do_wait
===== TID 438721 =====
comm: bulba:traceq0
stat: 438721 (bulba:traceq0) S 438613 438613 420300 34816 438613 4194368 2 0 0 0 0 0 0 0 39 19 5 0 7991124 649056256 21634 18446744073709551615 100427698221056 100427698455653 140734554256304 0 0 0 1073478399 0 0 1 0 0 -1 6 0 3 0 0 0 100427699169400 100427699171568 100428420853760 140734554262813 140734554262833 140734554262833 140734554267620 0
syscall: wchan: futex_do_wait
===== TID 438722 =====
comm: WSI swapchain q
stat: 438722 (WSI swapchain q) S 438613 438613 420300 34816 438613 4194368 3 0 0 0 15 30 0 0 20 0 5 0 7991124 649080832 21634 18446744073709551615 100427698221056 100427698455653 140734554256304 0 0 0 0 0 0 1 0 0 -1 2 0 0 0 0 0 100427699169400 100427699171568 100428420853760 140734554262813 140734554262833 140734554262833 140734554267620 0
syscall: wchan: futex_do_wait
===== TID 438723 =====
comm: WSI swapchain e
stat: 438723 (WSI swapchain e) S 438613 438613 420300 34816 438613 4194368 2 0 0 0 8 22 0 0 20 0 5 0 7991124 649080832 21634 18446744073709551615 100427698221056 100427698455653 140734554256304 0 0 0 0 0 0 1 0 0 -1 8 0 0 0 0 0 100427699169400 100427699171568 100428420853760 140734554262813 140734554262833 140734554262833 140734554267620 0
syscall: wchan: poll_schedule_timeout.constprop.0
