===== TID 458659 =====
comm: bulba
stat: 458659 (bulba) S 458620 458620 457921 34817 458620 4194304 13510 0 32 0 469 87 0 0 20 0 5 0 12884709 649613312 21758 18446744073709551615 96355641249792 96355641487593 140734463243920 0 0 0 0 0 0 1 0 0 17 11 0 0 0 0 0 96355642202224 96355642204400 96356011827200 140734463245673 140734463245693 140734463245693 140734463250404 0
syscall: wchan: drm_syncobj_array_wait_timeout.constprop.0
===== TID 458702 =====
comm: bulba:disk$0
stat: 458702 (bulba:disk$0) S 458620 458620 457921 34817 458620 4194368 7 0 0 0 0 0 0 0 39 19 5 0 12884716 649613312 21758 18446744073709551615 96355641249792 96355641487593 140734463243920 0 0 0 1073478399 0 0 1 0 0 -1 0 0 3 0 0 0 96355642202224 96355642204400 96356011827200 140734463245673 140734463245693 140734463245693 140734463250404 0
syscall: wchan: futex_do_wait
===== TID 458707 =====
comm: bulba:traceq0
stat: 458707 (bulba:traceq0) S 458620 458620 457921 34817 458620 4194368 2 0 0 0 0 0 0 0 39 19 5 0 12884717 649613312 21758 18446744073709551615 96355641249792 96355641487593 140734463243920 0 0 0 1073478399 0 0 1 0 0 -1 8 0 3 0 0 0 96355642202224 96355642204400 96356011827200 140734463245673 140734463245693 140734463245693 140734463250404 0
syscall: wchan: futex_do_wait
===== TID 460831 =====
comm: WSI swapchain q
stat: 460831 (WSI swapchain q) S 458620 458620 457921 34817 458620 4194368 1 0 0 0 3 4 0 0 20 0 5 0 12885952 649613312 21758 18446744073709551615 96355641249792 96355641487593 140734463243920 0 0 0 0 0 0 1 0 0 -1 10 0 0 0 0 0 96355642202224 96355642204400 96356011827200 140734463245673 140734463245693 140734463245693 140734463250404 0
syscall: wchan: futex_do_wait
===== TID 460832 =====
comm: WSI swapchain e
stat: 460832 (WSI swapchain e) S 458620 458620 457921 34817 458620 4194368 0 0 0 0 2 2 0 0 20 0 5 0 12885952 649613312 21758 18446744073709551615 96355641249792 96355641487593 140734463243920 0 0 0 0 0 0 1 0 0 -1 9 0 0 0 0 0 96355642202224 96355642204400 96356011827200 140734463245673 140734463245693 140734463245693 140734463250404 0
syscall: wchan: poll_schedule_timeout.constprop.0
