===== TID 433303 =====
comm: bulba
stat: 433303 (bulba) R 433256 433256 420300 34816 433256 4194304 17738 0 49 0 707 100 0 0 20 0 5 0 7974290 649560064 21711 18446744073709551615 98437255233536 98437255466729 140728872175328 0 0 0 0 0 0 0 0 0 17 0 0 0 0 0 0 98437256177784 98437256179952 98438161604608 140728872176925 140728872176945 140728872176945 140728872181732 0
syscall: wchan: 0
===== TID 433346 =====
comm: bulba:disk$0
stat: 433346 (bulba:disk$0) S 433256 433256 420300 34816 433256 4194368 7 0 0 0 0 0 0 0 39 19 5 0 7974295 649551872 21711 18446744073709551615 98437255233536 98437255466729 140728872175328 0 0 0 1073478399 0 0 1 0 0 -1 7 0 3 0 0 0 98437256177784 98437256179952 98438161604608 140728872176925 140728872176945 140728872176945 140728872181732 0
syscall: wchan: futex_do_wait
===== TID 433352 =====
comm: bulba:traceq0
stat: 433352 (bulba:traceq0) S 433256 433256 420300 34816 433256 4194368 2 0 0 0 0 0 0 0 39 19 5 0 7974296 649560064 21711 18446744073709551615 98437255233536 98437255466729 140728872175328 0 0 0 1073478399 0 0 1 0 0 -1 8 0 3 0 0 0 98437256177784 98437256179952 98438161604608 140728872176925 140728872176945 140728872176945 140728872181732 0
syscall: wchan: futex_do_wait
===== TID 433354 =====
comm: WSI swapchain q
stat: 433354 (WSI swapchain q) S 433256 433256 420300 34816 433256 4194368 3 0 0 0 12 22 0 0 20 0 5 0 7974297 649560064 21711 18446744073709551615 98437255233536 98437255466729 140728872175328 0 0 0 0 0 0 1 0 0 -1 6 0 0 0 0 0 98437256177784 98437256179952 98438161604608 140728872176925 140728872176945 140728872176945 140728872181732 0
syscall: wchan: futex_do_wait
===== TID 433355 =====
comm: WSI swapchain e
stat: 433355 (WSI swapchain e) S 433256 433256 420300 34816 433256 4194368 2 0 0 0 6 15 0 0 20 0 5 0 7974297 649560064 21711 18446744073709551615 98437255233536 98437255466729 140728872175328 0 0 0 0 0 0 1 0 0 -1 9 0 0 0 0 0 98437256177784 98437256179952 98438161604608 140728872176925 140728872176945 140728872176945 140728872181732 0
syscall: wchan: futex_do_wait
