===== TID 453926 =====
comm: bulba
stat: 453926 (bulba) R 453878 453878 420300 34816 453878 4194304 11351 0 0 0 459 14 0 0 20 0 5 0 12870351 667418624 21890 18446744073709551615 94814479818752 94814480056565 140732049264976 0 0 0 0 0 0 0 0 0 17 1 0 0 0 0 0 94814480771184 94814480773360 94814555602944 140732049267997 140732049268017 140732049268017 140732049272804 0
syscall: wchan: 0
===== TID 453974 =====
comm: bulba:disk$0
stat: 453974 (bulba:disk$0) S 453878 453878 420300 34816 453878 4194368 7 0 0 0 0 0 0 0 39 19 5 0 12870357 667942912 21890 18446744073709551615 94814479818752 94814480056565 140732049264976 0 0 0 1073478399 0 0 1 0 0 -1 8 0 3 0 0 0 94814480771184 94814480773360 94814555602944 140732049267997 140732049268017 140732049268017 140732049272804 0
syscall: wchan: futex_do_wait
===== TID 453988 =====
comm: bulba:traceq0
stat: 453988 (bulba:traceq0) S 453878 453878 420300 34816 453878 4194368 2 0 0 0 0 0 0 0 39 19 5 0 12870358 668991488 21890 18446744073709551615 94814479818752 94814480056565 140732049264976 0 0 0 1073478399 0 0 1 0 0 -1 0 0 3 0 0 0 94814480771184 94814480773360 94814555602944 140732049267997 140732049268017 140732049268017 140732049272804 0
syscall: wchan: futex_do_wait
===== TID 453989 =====
comm: WSI swapchain q
stat: 453989 (WSI swapchain q) S 453878 453878 420300 34816 453878 4194368 3 0 0 0 0 0 0 0 20 0 5 0 12870359 667156480 21890 18446744073709551615 94814479818752 94814480056565 140732049264976 0 0 0 0 0 0 1 0 0 -1 10 0 0 0 0 0 94814480771184 94814480773360 94814555602944 140732049267997 140732049268017 140732049268017 140732049272804 0
syscall: wchan: futex_do_wait
===== TID 453990 =====
comm: WSI swapchain e
stat: 453990 (WSI swapchain e) S 453878 453878 420300 34816 453878 4194368 2 0 0 0 0 1 0 0 20 0 5 0 12870359 667942912 21890 18446744073709551615 94814479818752 94814480056565 140732049264976 0 0 0 0 0 0 1 0 0 -1 8 0 0 0 0 0 94814480771184 94814480773360 94814555602944 140732049267997 140732049268017 140732049268017 140732049272804 0
syscall: wchan: futex_do_wait
