===== TID 477257 =====
comm: bulba
stat: 477257 (bulba) R 477216 477216 420300 34816 477216 4194304 18327 0 0 0 1530 122 0 0 20 0 5 0 13786096 649039872 21688 18446744073709551615 104167891935232 104167892172429 140729637773744 0 0 0 0 0 0 0 0 0 17 6 0 0 0 0 0 104167892883568 104167892885744 104168660164608 140729637780765 140729637780785 140729637780785 140729637785572 0
syscall: wchan: 0
===== TID 477305 =====
comm: bulba:disk$0
stat: 477305 (bulba:disk$0) S 477216 477216 420300 34816 477216 4194368 7 0 0 0 0 0 0 0 39 19 5 0 13786109 649039872 21688 18446744073709551615 104167891935232 104167892172429 140729637773744 0 0 0 1073478399 0 0 1 0 0 -1 0 0 3 0 0 0 104167892883568 104167892885744 104168660164608 140729637780765 140729637780785 140729637780785 140729637785572 0
syscall: wchan: futex_do_wait
===== TID 477323 =====
comm: bulba:traceq0
stat: 477323 (bulba:traceq0) S 477216 477216 420300 34816 477216 4194368 2 0 0 0 0 0 0 0 39 19 5 0 13786110 649048064 21688 18446744073709551615 104167891935232 104167892172429 140729637773744 0 0 0 1073478399 0 0 1 0 0 -1 10 0 3 0 0 0 104167892883568 104167892885744 104168660164608 140729637780765 140729637780785 140729637780785 140729637785572 0
syscall: wchan: futex_do_wait
===== TID 477324 =====
comm: WSI swapchain q
stat: 477324 (WSI swapchain q) S 477216 477216 420300 34816 477216 4194368 3 0 0 0 18 31 0 0 20 0 5 0 13786110 649048064 21688 18446744073709551615 104167891935232 104167892172429 140729637773744 0 0 0 0 0 0 1 0 0 -1 4 0 0 0 0 0 104167892883568 104167892885744 104168660164608 140729637780765 140729637780785 140729637780785 140729637785572 0
syscall: wchan: futex_do_wait
===== TID 477325 =====
comm: WSI swapchain e
stat: 477325 (WSI swapchain e) S 477216 477216 420300 34816 477216 4194368 2 0 0 0 12 31 0 0 20 0 5 0 13786110 649048064 21688 18446744073709551615 104167891935232 104167892172429 140729637773744 0 0 0 0 0 0 1 0 0 -1 4 0 0 0 0 0 104167892883568 104167892885744 104168660164608 140729637780765 140729637780785 140729637780785 140729637785572 0
syscall: wchan: futex_do_wait
