===== TID 472214 =====
comm: bulba
stat: 472214 (bulba) R 472173 472173 420300 34816 472173 4194304 17184 0 0 0 1493 116 0 0 20 0 5 0 13726227 649048064 21663 18446744073709551615 99821631520768 99821631756405 140729490550000 0 0 0 0 0 0 0 0 0 17 5 0 0 0 0 0 99821632469104 99821632471280 99822155206656 140729490558237 140729490558257 140729490558257 140729490563044 0
syscall: wchan: 0
===== TID 472264 =====
comm: bulba:disk$0
stat: 472264 (bulba:disk$0) S 472173 472173 420300 34816 472173 4194368 7 0 0 0 0 0 0 0 39 19 5 0 13726236 649048064 21663 18446744073709551615 99821631520768 99821631756405 140729490550000 0 0 0 1073478399 0 0 1 0 0 -1 2 0 3 0 0 0 99821632469104 99821632471280 99822155206656 140729490558237 140729490558257 140729490558257 140729490563044 0
syscall: wchan: futex_do_wait
===== TID 472268 =====
comm: bulba:traceq0
stat: 472268 (bulba:traceq0) S 472173 472173 420300 34816 472173 4194368 2 0 0 0 0 0 0 0 39 19 5 0 13726237 649039872 21663 18446744073709551615 99821631520768 99821631756405 140729490550000 0 0 0 1073478399 0 0 1 0 0 -1 2 0 3 0 0 0 99821632469104 99821632471280 99822155206656 140729490558237 140729490558257 140729490558257 140729490563044 0
syscall: wchan: futex_do_wait
===== TID 472269 =====
comm: WSI swapchain q
stat: 472269 (WSI swapchain q) S 472173 472173 420300 34816 472173 4194368 3 0 0 0 17 30 0 0 20 0 5 0 13726237 649048064 21663 18446744073709551615 99821631520768 99821631756405 140729490550000 0 0 0 0 0 0 1 0 0 -1 9 0 0 0 0 0 99821632469104 99821632471280 99822155206656 140729490558237 140729490558257 140729490558257 140729490563044 0
syscall: wchan: futex_do_wait
===== TID 472270 =====
comm: WSI swapchain e
stat: 472270 (WSI swapchain e) S 472173 472173 420300 34816 472173 4194368 2 0 0 0 13 27 0 0 20 0 5 0 13726237 649048064 21663 18446744073709551615 99821631520768 99821631756405 140729490550000 0 0 0 0 0 0 1 0 0 -1 10 0 0 0 0 0 99821632469104 99821632471280 99822155206656 140729490558237 140729490558257 140729490558257 140729490563044 0
syscall: wchan: futex_do_wait
